#    4.015 -32.086  74.406 ;Mean Elev.(m), Avg Gradient(m/km), RMS Gradient(m/km) - SRTM1     
#    0.000   0.000   0.000 ;Mean Elev.(m), Avg Gradient(m/km), RMS Gradient(m/km) - ASTER GDEM
#   11.987 -33.602  77.398 ;Mean Elev.(m), Avg Gradient(m/km), RMS Gradient(m/km) - GMTED2010 
 15 237.758320  45.553122     4.790     4.777  4 52723.78064378 19.989
 21 237.747212  45.550304     5.242     5.054  4 52933.78070501 21.875
 32 237.763501  45.551906     6.657     6.382  4 53318.78072100 30.446
 34 237.761684  45.551905     5.822     4.410  3 53388.78068734 28.781
 38 237.762222  45.552770     7.810     7.888  4 53528.78075373 14.411
 50 237.746128  45.550956    11.407    11.514  4 53948.78073239 13.566
 76 237.765844  45.553803     7.760     7.760  2 54858.78055074 16.297
 80 237.754569  45.552161     7.728     7.781  4 54998.78060857 17.798
 84 237.758071  45.552627     6.344     6.266  3 55138.78053269 13.243
 87 237.761520  45.552291     7.779     7.950  3 55243.78049840 17.615
