#    2.188 -51.836  51.432 ;Mean Elev.(m), Avg Gradient(m/km), RMS Gradient(m/km) - SRTM1     
#    0.000   0.000   0.000 ;Mean Elev.(m), Avg Gradient(m/km), RMS Gradient(m/km) - ASTER GDEM
#    3.490  -5.310  91.749 ;Mean Elev.(m), Avg Gradient(m/km), RMS Gradient(m/km) - GMTED2010 
  8     5.362 52497.78255222 21.88 237.193113  45.957870  5.619
  8     4.954 52497.78255286 16.29 237.191863  45.954620  5.619
  8     0.949 52497.78255351 14.66 237.190613  45.951370  5.619
  8     0.866 52497.78255415 16.49 237.189363  45.948120  5.619
  8     0.351 52497.78255480 20.69 237.188113  45.944870  5.619
 10     2.367 52567.78256627 19.88 237.196137  45.948124 17.640
 10     3.262 52567.78256691 20.06 237.194897  45.944874 17.640
 10     3.352 52567.78256756 20.53 237.193647  45.941624 17.640
 10     2.789 52567.78256820 20.33 237.192397  45.938374 17.640
 11     2.358 52602.78256300 13.82 237.187774  45.961437  8.768
 11     3.379 52602.78256365 13.74 237.186534  45.958187  8.768
 11     5.044 52602.78256429 13.66 237.185278  45.954936 14.013
 11     6.182 52602.78256494 14.12 237.184028  45.951686 14.013
 11     6.147 52602.78256558 16.59 237.182778  45.948436 14.013
 12     7.113 52637.78253529 26.40 237.195789  45.956651  5.650
 12     3.310 52637.78253594 22.69 237.194539  45.953401  5.650
 12     1.742 52637.78253658 25.16 237.193289  45.950151  5.650
 12     1.609 52637.78253723 22.29 237.192039  45.946901  5.650
 12     1.845 52637.78253787 20.33 237.190793  45.943653 15.556
 12     2.096 52637.78253851 25.24 237.189543  45.940403 15.556
 12     2.189 52637.78253916 28.77 237.188293  45.937153 15.556
 13     9.963 52672.78253606 17.49 237.191251  45.959379 13.812
 13    11.189 52672.78253670 17.38 237.190011  45.956129 13.812
 13     9.827 52672.78253735 19.60 237.188761  45.952879 13.812
 13    10.053 52672.78253799 20.69 237.187511  45.949629 13.812
 13    12.281 52672.78253864 22.23 237.186261  45.946379 13.812
 14    12.039 52707.78254292 12.54 237.195339  45.951305 10.736
 14    11.318 52707.78254357 14.19 237.194089  45.948055 10.736
 14    10.240 52707.78254421 14.30 237.192839  45.944805 10.736
 14    11.980 52707.78254486 15.62 237.191597  45.941556 11.364
 14    11.259 52707.78254550 16.55 237.190347  45.938306 11.364
 14     7.041 52707.78254615 17.99 237.189097  45.935056 11.364
 17     6.062 52812.78259323 18.78 237.195741  45.955741  5.852
 17     1.368 52812.78259388 19.25 237.194491  45.952491  5.852
 17     1.388 52812.78259452 20.70 237.193241  45.949241  5.852
 17     1.262 52812.78259517 19.78 237.191991  45.945991  5.852
 17     1.416 52812.78259581 21.52 237.190743  45.942742 19.149
 17     1.396 52812.78259645 26.53 237.189493  45.939492 19.149
 18     0.228 52847.78264820 19.37 237.195615  45.951271  5.700
 18     0.212 52847.78264884 20.66 237.194365  45.948021  5.700
 18     0.157 52847.78264948 21.11 237.193115  45.944771  5.700
 18     0.340 52847.78265013 21.42 237.191869  45.941522 13.664
 18     0.877 52847.78265077 21.57 237.190619  45.938272 13.664
 19     8.045 52882.78268308  9.43 237.191451  45.959635 15.056
 19     8.578 52882.78268373  9.91 237.190201  45.956385 15.056
 19     8.636 52882.78268437 10.06 237.188951  45.953135 15.056
 19     9.185 52882.78268502 11.66 237.187701  45.949885 15.056
 19     7.467 52882.78268566 12.80 237.186461  45.946635 15.056
 20     0.508 52917.78263998 18.57 237.192040  45.959304  5.243
 20     0.528 52917.78264063 18.41 237.190790  45.956054  5.243
 20     0.740 52917.78264127 19.36 237.189540  45.952804  5.243
 20     0.641 52917.78264192 20.25 237.188290  45.949554  5.243
 20     0.737 52917.78264256 21.41 237.187040  45.946304  5.243
 22     2.816 52987.78261686 19.62 237.197998  45.944739  6.141
 22     3.360 52987.78261750 18.28 237.196752  45.941489  6.372
 22     3.444 52987.78261814 17.91 237.195502  45.938239  6.372
 23     9.819 53022.78260267 26.45 237.195645  45.956675  9.339
 23     3.883 53022.78260331 17.42 237.194395  45.953425  9.339
 23     2.996 53022.78260396 18.41 237.193145  45.950175  9.339
 23     2.917 53022.78260460 19.36 237.191895  45.946925  9.339
 23     3.525 53022.78260525 19.05 237.190645  45.943675  9.339
 23     2.604 53022.78260589 24.10 237.189398  45.940423 15.341
 23     2.640 53022.78260654 28.61 237.188148  45.937173 15.341
 25     8.889 53092.78263293 13.18 237.183144  45.963224 12.873
 25     9.051 53092.78263358 12.72 237.181894  45.959974 12.873
 25     9.300 53092.78263422 14.09 237.180644  45.956724 12.873
 25     8.371 53092.78263487 15.38 237.179394  45.953474 12.873
 25     7.363 53092.78263551 21.93 237.178144  45.950224 12.873
 26     2.598 53127.78260667 18.16 237.197224  45.945478  8.621
 26     2.475 53127.78260732 18.77 237.195974  45.942228  8.621
 26     2.569 53127.78260796 18.65 237.194732  45.938977 10.930
 29     1.113 53232.78264740 22.40 237.195474  45.947538 12.333
 29     0.021 53232.78264804 22.92 237.194224  45.944288 12.333
 29     0.098 53232.78264869 23.12 237.192974  45.941036 12.330
 29     0.400 53232.78264933 23.68 237.191724  45.937786 12.330
 30     0.819 53267.78261324 20.55 237.186437  45.962282  7.581
 30     1.019 53267.78261388 21.07 237.185187  45.959032  7.581
 30     0.781 53267.78261453 25.78 237.183937  45.955782  7.581
 30     1.149 53267.78261517 26.87 237.182687  45.952532  7.581
 30     1.180 53267.78261582 28.79 237.181437  45.949282  7.581
 32     0.994 53337.78263945 47.08 237.192065  45.959394 15.702
 32     2.212 53337.78264010 50.37 237.190815  45.956144 15.702
 32     0.785 53337.78264074 50.57 237.189565  45.952894 15.702
 32     0.925 53337.78264139 45.45 237.188315  45.949644 15.702
 32     0.842 53337.78264203 48.33 237.187065  45.946394 15.702
 33    13.264 53372.78257392 10.62 237.189649  45.959331  6.773
 33    10.556 53372.78257521 11.79 237.187149  45.952831  6.773
 33     9.686 53372.78257585 13.36 237.185899  45.949581  6.773
 35     2.945 53442.78259737 11.55 237.187946  45.960253  8.478
 35     3.610 53442.78259802 11.55 237.186696  45.957003  8.478
 35     3.345 53442.78259866 12.70 237.185446  45.953753  8.478
 35     4.352 53442.78259931 14.16 237.184196  45.950503  8.478
 39     8.198 53582.78266720 12.22 237.191932  45.958574  8.139
 39     6.275 53582.78266784 13.66 237.190682  45.955324  8.139
 39     4.428 53582.78266849 14.34 237.189432  45.952074  8.139
 39     3.130 53582.78266913 16.04 237.188182  45.948824  8.139
 39     3.265 53582.78266978 16.29 237.186932  45.945574  8.139
 40     1.597 53617.78262251 27.84 237.185328  45.961894 16.109
 40     1.494 53617.78262315 30.14 237.184078  45.958644 16.109
 40     3.709 53617.78262380 26.48 237.182828  45.955394 16.109
 40     4.655 53617.78262444 32.73 237.181578  45.952144 16.109
 41     5.006 53652.78264312 19.93 237.195743  45.955926  9.152
 41     3.989 53652.78264377 14.47 237.194493  45.952676  9.152
 41     4.800 53652.78264441 11.91 237.193243  45.949426  9.152
 41     5.590 53652.78264506 13.34 237.191993  45.946176  9.152
 41     5.734 53652.78264570 13.99 237.190752  45.942927  9.939
 41     6.121 53652.78264634 15.48 237.189502  45.939677  9.939
 41     5.474 53652.78264699 20.20 237.188252  45.936427  9.939
 43     6.041 53722.78256923 15.12 237.190341  45.959311  4.821
 43     0.790 53722.78256987 16.45 237.189091  45.956061  4.821
 43     0.810 53722.78257052 18.69 237.187841  45.952811  4.821
 43     1.117 53722.78257116 19.27 237.186591  45.949561  4.821
 43     1.470 53722.78257181 19.72 237.185341  45.946311  4.821
 45     1.157 53792.78252819 48.44 237.195034  45.955744 13.893
 45     2.304 53792.78252884 48.47 237.193784  45.952494 13.893
 45     1.157 53792.78252948 44.13 237.192534  45.949244 13.893
 45     1.424 53792.78253013 42.72 237.191284  45.945994 13.893
 45     1.198 53792.78253077 44.04 237.190034  45.942743 21.358
 45     1.141 53792.78253142 47.52 237.188784  45.939493 21.358
 48     2.677 53897.78260435 17.09 237.193948  45.952342  7.300
 48     2.796 53897.78260499 18.71 237.192698  45.949092  7.300
 48     2.781 53897.78260564 19.98 237.191448  45.945842  7.300
 48     2.868 53897.78260628 25.30 237.190199  45.942591 21.485
 48     2.878 53897.78260693 27.81 237.188959  45.939341 21.485
 49     2.612 53932.78265014 12.66 237.185106  45.962368  6.981
 49     2.015 53932.78265079 14.29 237.183856  45.959118  6.981
 49     2.460 53932.78265143 14.27 237.182616  45.955868  6.981
 49     2.736 53932.78265208 18.72 237.181366  45.952618  6.981
 49     2.833 53932.78265272 19.84 237.180116  45.949368  6.981
 50     0.622 53967.78262367 14.35 237.187307  45.962638  5.677
 50     0.976 53967.78262431 13.35 237.186067  45.959388  5.677
 50     1.252 53967.78262496 14.82 237.184817  45.956138  5.677
 50     1.805 53967.78262560 17.06 237.183567  45.952888  5.677
 50     1.659 53967.78262625 17.44 237.182317  45.949638  5.677
 55     1.314 54142.78255893 23.49 237.194842  45.952429  4.673
 55     1.329 54142.78255958 23.30 237.193592  45.949179  4.673
 55     1.104 54142.78256022 26.65 237.192342  45.945929  4.673
 55     1.557 54142.78256086 27.36 237.191092  45.942679  4.673
 55     1.793 54142.78256151 29.87 237.189842  45.939429 18.912
 55     1.858 54142.78256215 40.71 237.188602  45.936179 18.912
 56     2.921 54177.78255367 23.56 237.189938  45.961761 22.574
 56     3.427 54177.78255432 24.87 237.188688  45.958511 22.574
 56     3.264 54177.78255496 23.31 237.187438  45.955261 22.574
 56     3.411 54177.78255561 25.17 237.186188  45.952011 22.574
 56     3.258 54177.78255625 25.98 237.184938  45.948761 22.574
 57     3.588 54212.78256532 38.93 237.194981  45.957311 28.058
 57     6.609 54212.78256596 41.24 237.193731  45.954061 28.058
 57     3.712 54212.78256661 38.89 237.192481  45.950811 28.058
 57     4.287 54212.78256725 36.55 237.191231  45.947561 28.058
 57     3.629 54212.78256790 36.22 237.189981  45.944311 28.058
 57     3.510 54212.78256854 36.57 237.188731  45.941051 28.058
 61     4.065 54352.78256654 17.58 237.190389  45.958894 22.170
 61     4.126 54352.78256718 21.00 237.189139  45.955644 22.170
 61     3.777 54352.78256783 22.34 237.187889  45.952394 22.170
 61     4.491 54352.78256847 19.46 237.186639  45.949144 22.170
 62    10.809 54387.78254126 21.10 237.195617  45.956783 23.566
 62     2.663 54387.78254190 31.43 237.194367  45.953533 23.566
 62     6.041 54387.78254255 23.80 237.193117  45.950283 23.566
 62     2.098 54387.78254319 22.51 237.191867  45.947033 23.566
 62     2.212 54387.78254383 22.07 237.190617  45.943783 23.566
 62     2.122 54387.78254448 22.77 237.189367  45.940533 23.566
 62     2.191 54387.78254512 25.43 237.188117  45.937283 23.566
 64     9.239 54457.78251719 17.96 237.195680  45.946752 13.436
 64    11.962 54457.78251783 14.43 237.194430  45.943502 13.436
 64     9.352 54457.78251848 14.73 237.193180  45.940252 13.436
 64    13.000 54457.78251912 15.27 237.191930  45.937002 13.436
 65     1.552 54492.78251971 28.27 237.191976  45.957824 21.248
 65     2.053 54492.78252035 27.05 237.190726  45.954574 21.248
 65     1.633 54492.78252100 28.42 237.189476  45.951324 21.248
 65     1.673 54492.78252164 29.57 237.188226  45.948074 21.248
 65     1.782 54492.78252229 28.22 237.186976  45.944824 21.248
 66     2.957 54527.78252915 16.99 237.195926  45.951039 12.604
 66     2.544 54527.78252980 18.25 237.194676  45.947789 12.604
 66     2.515 54527.78253044 19.90 237.193426  45.944539 12.604
 66     2.436 54527.78253109 19.95 237.192176  45.941289 12.604
 66     2.755 54527.78253173 21.47 237.190926  45.938029 12.604
 68     5.330 54597.78252373 30.86 237.193370  45.955812 30.731
 68     1.983 54597.78252438 17.52 237.192120  45.952562 30.731
 68     1.760 54597.78252502 18.75 237.190870  45.949312 30.731
 68     1.899 54597.78252567 20.23 237.189620  45.946062 30.731
 68     2.422 54597.78252631 29.84 237.188370  45.942812 30.731
 69     5.947 54632.78253691 14.82 237.192693  45.957370 19.812
 69     7.211 54632.78253755 14.73 237.191443  45.954120 19.812
 69     6.723 54632.78253819 16.07 237.190193  45.950870 19.812
 69     7.472 54632.78253884 16.97 237.188943  45.947620 19.812
 69     7.533 54632.78253948 21.49 237.187693  45.944370 19.812
 70     4.887 54667.78254183 12.36 237.192742  45.959918 18.226
 70     6.175 54667.78254248 13.45 237.191492  45.956668 18.226
 70     3.772 54667.78254312 15.05 237.190242  45.953418 18.226
 70     3.879 54667.78254377 16.35 237.188992  45.950168 18.226
 70     3.254 54667.78254441 16.84 237.187742  45.946908 18.226
 70     3.387 54667.78254506 18.04 237.186502  45.943668 18.226
 71     0.613 54702.78250826 17.26 237.190953  45.957819 24.530
 71     0.825 54702.78250891 15.76 237.189703  45.954569 24.530
 71     3.626 54702.78250955 16.59 237.188453  45.951319 24.530
 71     1.203 54702.78251020 19.16 237.187203  45.948069 24.530
 71     0.623 54702.78251084 21.91 237.185953  45.944819 24.530
 72     0.232 54737.78250487 22.46 237.194833  45.949721 16.254
 72    -0.158 54737.78250551 23.50 237.193583  45.946471 16.254
 72     0.204 54737.78250615 22.18 237.192333  45.943221 16.254
 72     0.435 54737.78250680 21.25 237.191083  45.939971 16.254
 72     1.097 54737.78250744 23.03 237.189833  45.936711 16.254
 73     8.566 54772.78248936 11.25 237.192853  45.959077 18.123
 73     7.099 54772.78249000 12.65 237.191603  45.955827 18.123
 73     4.145 54772.78249065 14.23 237.190353  45.952577 18.123
 73     3.266 54772.78249129 15.05 237.189103  45.949327 18.123
 73     2.675 54772.78249194 16.22 237.187853  45.946077 18.123
 74     1.547 54807.78249825 19.39 237.194751  45.950709 13.827
 74     1.379 54807.78249890 20.68 237.193501  45.947459 13.827
 74     1.134 54807.78249954 22.67 237.192251  45.944209 13.827
 74     1.106 54807.78250018 25.31 237.191001  45.940959 13.827
 74     1.427 54807.78250083 27.64 237.189761  45.937699 13.827
 77     1.411 54912.78249031 17.79 237.189040  45.962175  9.786
 77     1.595 54912.78249095 18.90 237.187790  45.958925  9.786
 77     2.102 54912.78249160 22.87 237.186540  45.955675  9.786
 77     2.249 54912.78249224 21.96 237.185290  45.952425  9.786
 77     4.754 54912.78249289 20.47 237.184040  45.949175  9.786
 78   161.559 54947.78249166  0.74 237.193918  45.956711 17.233
 78     5.960 54947.78249359 30.36 237.190178  45.946961 17.233
 78     4.536 54947.78249424 34.19 237.188928  45.943701 17.233
 78     5.286 54947.78249488 33.49 237.187678  45.940451 17.233
 79     7.140 54982.78251696 13.89 237.193002  45.959053 22.291
 79     6.286 54982.78251761 15.30 237.191752  45.955803 22.291
 79     3.852 54982.78251825 16.35 237.190502  45.952553 22.291
 79     3.824 54982.78251890 17.54 237.189252  45.949303 22.291
 79     4.152 54982.78251954 17.90 237.188002  45.946053 22.291
 79     4.932 54982.78252019 31.51 237.186762  45.942803 22.291
 80     6.440 55017.78251613 21.28 237.193690  45.956917 24.683
 80     1.693 55017.78251677 17.19 237.192440  45.953667 24.683
 80     1.363 55017.78251741 18.15 237.191190  45.950417 24.683
 80     1.857 55017.78251806 19.36 237.189940  45.947167 24.683
 80     0.400 55017.78251870 21.33 237.188700  45.943907 24.683
 80     0.602 55017.78251935 25.43 237.187450  45.940657 24.683
 81     7.119 55052.78251104 16.48 237.193987  45.958269 20.876
 81     1.313 55052.78251169 14.23 237.192737  45.955019 20.876
 81     1.755 55052.78251233 16.02 237.191487  45.951769 20.876
 81     1.775 55052.78251298 16.50 237.190237  45.948519 20.876
 81     0.228 55052.78251362 21.54 237.188987  45.945269 20.876
 81     0.958 55052.78251426 21.81 237.187737  45.942019 20.876
 82     3.237 55087.78247394 12.65 237.188412  45.959149 18.250
 82     3.291 55087.78247458 12.92 237.187162  45.955899 18.250
 82     3.484 55087.78247523 13.12 237.185912  45.952649 18.250
 82     4.066 55087.78247587 14.72 237.184662  45.949399 18.250
 85     2.714 55192.78243810 14.90 237.194833  45.949707 14.633
 85     2.593 55192.78243874 16.09 237.193583  45.946457 14.633
 85     2.419 55192.78243939 16.74 237.192333  45.943207 14.633
 85     2.638 55192.78244003 17.53 237.191083  45.939947 14.633
 85     3.236 55192.78244068 19.38 237.189843  45.936697 14.633
 86     3.099 55227.78243587 29.39 237.190444  45.960645 21.508
 86     3.096 55227.78243652 26.27 237.189194  45.957395 21.508
 86     2.458 55227.78243716 25.94 237.187944  45.954145 21.508
 86     2.389 55227.78243781 26.76 237.186694  45.950895 21.508
 86     3.220 55227.78243845 27.22 237.185444  45.947645 21.508
 87     3.770 55262.78243456 16.85 237.190697  45.945914 13.712
 87     4.195 55262.78243520 16.30 237.189457  45.942654 13.712
 87     5.963 55262.78243585 19.20 237.188207  45.939404 13.712
 89    43.036 55332.78241101  2.27 237.191579  45.958103 14.554
 89     4.821 55332.78241166 17.76 237.190329  45.954853 14.554
 89     3.594 55332.78241230 19.06 237.189079  45.951603 14.554
 89     4.875 55332.78241295 18.36 237.187829  45.948353 14.554
 89     4.526 55332.78241359 19.69 237.186579  45.945103 14.554
 91     0.863 55402.78241904 16.48 237.195744  45.952444 15.627
 91     1.142 55402.78241968 18.94 237.194494  45.949194 15.627
 91     0.763 55402.78242033 20.29 237.193244  45.945944 15.627
 91     1.112 55402.78242097 21.14 237.191994  45.942694 15.627
 92     7.749 55437.78242082 13.82 237.193634  45.958025 20.130
 92     6.227 55437.78242147 14.66 237.192384  45.954775 20.130
 92     2.573 55437.78242211 15.87 237.191134  45.951525 20.130
 92     3.105 55437.78242275 16.03 237.189884  45.948275 20.130
 92     2.244 55437.78242340 17.83 237.188634  45.945015 20.130
 92     2.290 55437.78242404 19.63 237.187384  45.941765 20.130
 93     3.810 55472.78236970 15.34 237.189878  45.960614 20.133
 93     5.865 55472.78237035 14.92 237.188628  45.957364 20.133
 93     3.748 55472.78237099 14.82 237.187378  45.954114 20.133
 93     3.533 55472.78237164 16.89 237.186128  45.950864 20.133
 93     3.229 55472.78237228 16.85 237.184878  45.947614 20.133
