#    0.071 -33.683  59.369 ;Mean Elev.(m), Avg Gradient(m/km), RMS Gradient(m/km) - SRTM1     
#    0.000   0.000   0.000 ;Mean Elev.(m), Avg Gradient(m/km), RMS Gradient(m/km) - ASTER GDEM
#    5.976 -32.001  59.617 ;Mean Elev.(m), Avg Gradient(m/km), RMS Gradient(m/km) - GMTED2010 
  7 236.499230  46.251446   -28.015   -28.075 12 52448.23483494 26.620
  8 236.510445  46.248828     3.282     3.296 16 52483.23482244 20.907
  9 236.511573  46.266073     1.360     1.444  4 52518.23478355 14.758
 10 236.499021  46.252564     1.767     1.359 12 52553.23483124 24.653
 12 236.511784  46.263717     4.243     3.351  5 52623.23476823 27.675
 13 236.513094  46.248291     5.882     5.063 15 52658.23478156 36.543
 15 236.514368  46.247979     0.219     0.241 15 52728.23480243 50.018
 16 236.506482  46.254412     5.737     6.857 12 52763.23481677 38.873
 17 236.511233  46.248452     5.628     5.090 15 52798.23478713 17.663
 18 236.510591  46.249794     3.282     2.804 14 52833.23485796 27.739
 19 236.511662  46.261904     1.291     0.637  7 52868.23490264 19.717
 20 236.512915  46.249574     4.519     4.479 15 52903.23491518 20.020
 21 236.511938  46.266439    -0.028    -0.034  5 52938.23485566 24.815
 22 236.506162  46.250771     6.062     6.345 14 52973.23488741 35.056
 23 236.506326  46.250749     4.299     4.534 13 53008.23489606 40.771
 24 236.501737  46.252258     4.840     4.874 13 53043.23485364 35.942
 25 236.508018  46.250755     6.607     5.847 14 53078.23488635 24.007
 26 236.498655  46.251668     3.152     2.737 12 53113.23485732 36.076
 27 236.505144  46.251419     2.340     1.949 13 53148.23490203 26.133
 28 236.511104  46.263267     3.189     2.823  6 53183.23490294 19.950
 29 236.511874  46.248491     2.224     1.949 15 53218.23492437 19.580
 30 236.513372  46.249559     4.109     3.406 15 53253.23490220 20.441
 31 236.497657  46.251646     5.684     5.654 11 53288.23490441 32.547
 32 236.511843  46.266034     0.517     0.625  5 53323.23488247 28.871
 33 236.514708  46.266828     2.372     2.477  5 53358.23484682 17.594
 34 236.503966  46.251464    -0.032    -0.077 13 53393.23486013 43.735
 35 236.512410  46.265984     1.902     1.487  5 53428.23485702 30.025
 36 236.507798  46.251804     6.136     5.790 14 53463.23487383 34.486
 37 236.502403  46.250485     6.377     6.272 13 53498.23494435 37.035
 38 236.511447  46.261894     2.135     1.367  7 53533.23492885 17.215
 39 236.506312  46.251740     1.721     1.737 14 53568.23494507 30.219
 40 236.511903  46.266312    -1.748    -1.857  4 53603.23489317 22.645
 41 236.502237  46.251266     2.381     1.804 12 53638.23488887 29.658
 42 236.504410  46.250745     4.666     5.008 13 53673.23490905 26.998
 43 236.515338  46.267233     0.612     0.744  5 53708.23484315 26.345
 44 236.517517  46.267388     3.409     3.756  5 53743.23475405 22.189
 45 236.511697  46.259241     4.760     3.738  9 53778.23477985 34.280
 46 236.516141  46.266171     0.900     1.052  4 53813.23475602 18.223
 47 236.503175  46.250481     7.407     6.861 13 53848.23480989 32.993
 49 236.502418  46.251656     2.910     2.888 13 53918.23489165 22.628
 50 236.502954  46.250371     3.856     3.643 13 53953.23489418 30.484
 52 236.507367  46.249820     1.343     1.450 14 54023.23487392 39.409
 53 236.511667  46.265837    -0.253    -0.265  5 54058.23486904 16.965
 54 236.511175  46.265421     2.420     1.930  5 54093.23484930 20.313
 55 236.505537  46.250886     5.918     5.679 13 54128.23478455 24.998
 56 236.511776  46.250249    -0.531    -0.541 15 54163.23481616 51.468
 57 236.506768  46.251121     5.458     4.885 14 54198.23478684 22.084
 58 236.510523  46.249583     5.307     5.175 15 54233.23482989 20.464
 59 236.512872  46.249137     2.386     2.073 16 54268.23484868 18.413
 60 236.512946  46.249503     2.773     2.870 15 54303.23485232 30.230
 61 236.513085  46.254673     2.162     1.719 11 54338.23483865 22.942
 62 236.510497  46.247930    -0.462    -0.239 15 54373.23478538 38.062
 63 236.512287  46.249259     3.207     3.201 15 54408.23478305 27.844
 64 236.505123  46.250944     5.341     4.691 14 54443.23474682 35.734
 65 236.512967  46.249501     2.159     1.885 16 54478.23477245 41.550
 66 236.506187  46.251393     6.446     6.581 14 54513.23476191 38.663
 67 236.514509  46.248977     6.543     6.501 15 54548.23478608 36.421
 68 236.512060  46.249067     6.539     6.357 16 54583.23475733 36.178
 69 236.511865  46.249748     6.211     5.498 15 54618.23477778 17.773
 70 236.510209  46.250259     2.193     1.731 15 54653.23478965 26.768
 71 236.513818  46.250488     2.023     1.990 15 54688.23477889 23.921
 72 236.506282  46.251359     2.602     2.172 14 54723.23473781 37.662
 73 236.512377  46.249062     2.884     2.419 16 54758.23475413 37.589
 74 236.503095  46.252393     5.957     5.814 13 54793.23473110 23.057
 75 236.511288  46.248670    -0.141    -0.499 15 54828.23475260 49.844
 76 236.507273  46.250643     4.424     4.641 14 54863.23472503 34.402
 77 236.512276  46.249170     5.332     5.135 15 54898.23475232 22.224
 78 236.507409  46.250363     5.079     5.285 14 54933.23471973 35.725
 79 236.511794  46.248647     5.572     5.100 15 54968.23475384 18.292
 81 236.513735  46.248231     2.715     2.513 15 55038.23476009 21.013
 82 236.513028  46.254168     4.040     3.811 12 55073.23474681 20.163
 83 236.506219  46.251178     2.082     1.551 14 55108.23469310 31.617
 84 236.512179  46.249151     4.351     4.506 15 55143.23469693 28.824
 85 236.505483  46.250767     5.648     5.959 13 55178.23466557 37.733
 86 236.511725  46.250232     4.642     4.434 15 55213.23469192 33.649
 87 236.509140  46.249338     5.955     5.826 14 55248.23466552 36.269
 88 236.512958  46.249489     6.247     6.037 15 55283.23468551 32.135
 89 236.510947  46.248689     5.026     5.040 15 55318.23465575 18.118
 90 236.513262  46.248950     4.150     4.038 15 55353.23465822 31.288
 91 236.505186  46.251343     2.533     2.253 13 55388.23465614 23.565
 92 236.513022  46.249644     1.403     1.295 15 55423.23467604 20.482
 93 236.511001  46.263121     1.011     1.073  6 55458.23465065 26.189
