#    0.430 -35.233  63.923 ;Mean Elev.(m), Avg Gradient(m/km), RMS Gradient(m/km) - SRTM1     
#    0.000   0.000   0.000 ;Mean Elev.(m), Avg Gradient(m/km), RMS Gradient(m/km) - ASTER GDEM
#    2.059 -35.601  67.541 ;Mean Elev.(m), Avg Gradient(m/km), RMS Gradient(m/km) - GMTED2010 
  7   -31.961 52446.78452529 23.72 236.575150  46.240434 14.790
  7   -29.796 52446.78452593 14.73 236.573890  46.237184 14.790
  7   -29.427 52446.78452658 14.26 236.572630  46.233934 14.790
  7   -29.796 52446.78452722 14.09 236.571370  46.230684 14.790
  7   -29.780 52446.78452787 15.07 236.570110  46.227434 14.790
  7   -30.420 52446.78452916 17.42 236.567590  46.220934 14.790
  7   -32.025 52446.78452980 18.44 236.566330  46.217684 14.790
  7   -29.614 52446.78453045 18.38 236.565070  46.214434 14.790
  7   -32.034 52446.78453109 26.45 236.563810  46.211184 14.790
  7   -34.136 52446.78453174 25.88 236.562556  46.207931  8.433
  7   -31.436 52446.78453238 19.51 236.561296  46.204681  8.433
  7   -31.323 52446.78453303 21.87 236.560036  46.201431  8.433
  8     2.914 52481.78451731 23.41 236.575699  46.232002 20.899
  8     3.389 52481.78451795 21.13 236.574439  46.228752 20.899
  8     3.177 52481.78451860 22.04 236.573179  46.225502 20.899
  8     3.087 52481.78451924 23.54 236.571919  46.222252 20.899
  8     1.400 52481.78451989 26.31 236.570659  46.219002 20.899
  8     2.750 52481.78452053 27.06 236.569399  46.215752 20.899
  8     1.617 52481.78452118 26.75 236.568139  46.212502 20.899
  8     1.253 52481.78452182 25.46 236.566879  46.209252 20.899
  8     1.332 52481.78452247 22.52 236.565629  46.206002 20.899
  8     1.772 52481.78452311 20.96 236.564369  46.202752 20.899
  8     2.552 52481.78452376 28.37 236.563107  46.199497  6.906
  9     1.508 52516.78447183 21.99 236.577311  46.226867 15.981
  9     1.468 52516.78447247 21.35 236.576051  46.223617 15.981
  9     2.059 52516.78447312 19.15 236.574792  46.220363 10.091
  9     2.312 52516.78447376 20.77 236.573532  46.217113 10.091
  9     1.386 52516.78447441 21.03 236.572282  46.213863 10.091
  9     1.844 52516.78447505 21.04 236.571022  46.210613 10.091
  9     1.492 52516.78447570 20.94 236.569762  46.207363 10.091
  9     1.557 52516.78447634 20.71 236.568502  46.204113 10.091
  9     1.952 52516.78447699 20.18 236.567242  46.200863 10.091
  9     1.875 52516.78447763 20.09 236.565982  46.197613 10.091
 10     7.961 52551.78452031 19.83 236.579119  46.226532 22.231
 10     7.521 52551.78452095 18.10 236.577859  46.223282 22.231
 10     8.471 52551.78452160 16.62 236.576599  46.220032 22.231
 10     3.038 52551.78452417 20.99 236.571559  46.207032 22.231
 10     2.791 52551.78452482 21.99 236.570299  46.203782 22.231
 10     2.119 52551.78452546 21.46 236.569041  46.200531  6.675
 10     1.800 52551.78452611 20.82 236.567781  46.197281  6.675
 10     1.614 52551.78452675 19.93 236.566521  46.194031  6.675
 11     4.170 52586.78449634 19.98 236.581325  46.221137 18.903
 11     3.770 52586.78449698 17.62 236.580075  46.217887 18.903
 11     2.587 52586.78449763 18.44 236.578815  46.214637 18.903
 11     4.388 52586.78449827 18.55 236.577555  46.211387 18.903
 11     4.455 52586.78449892 24.29 236.576295  46.208137 18.903
 11     1.388 52586.78449956 32.77 236.575035  46.204897 18.903
 11     2.013 52586.78450021 27.51 236.573775  46.201647 18.903
 11     1.206 52586.78450085 21.91 236.572515  46.198397 18.903
 11     1.806 52586.78450150 18.85 236.571265  46.195147 18.903
 11     1.661 52586.78450214 19.59 236.570005  46.191897 18.903
 11     1.604 52586.78450279 18.49 236.568745  46.188647 18.903
 12     8.697 52621.78446571 23.25 236.575385  46.232954 21.016
 12     6.118 52621.78446636 21.22 236.574125  46.229704 21.016
 12     5.720 52621.78446700 20.73 236.572865  46.226454 21.016
 12     5.514 52621.78446765 20.40 236.571605  46.223204 21.016
 12     5.762 52621.78446829 20.19 236.570346  46.219951 10.807
 12     5.288 52621.78446894 20.26 236.569086  46.216701 10.807
 12     6.490 52621.78446958 19.77 236.567836  46.213451 10.807
 12     5.264 52621.78447023 22.72 236.566576  46.210201 10.807
 12     3.366 52621.78447087 24.88 236.565316  46.206951 10.807
 12     8.444 52621.78447152 20.82 236.564056  46.203701 10.807
 12     4.535 52621.78447216 20.52 236.562796  46.200451 10.807
 13     4.134 52656.78447124 21.79 236.582998  46.222457 12.604
 13     5.516 52656.78447189 18.39 236.581738  46.219207 12.604
 13     4.698 52656.78447253 20.54 236.580478  46.215957 12.604
 13     6.000 52656.78447318 19.79 236.579218  46.212707 12.604
 13     6.066 52656.78447382 23.71 236.577958  46.209457 12.604
 13     6.782 52656.78447446 20.72 236.576708  46.206207 12.604
 13     3.692 52656.78447511 18.75 236.575448  46.202957 12.604
 15   161.678 52726.78449958 11.04 236.579804  46.222082 30.943
 15   165.891 52726.78450022  8.22 236.578544  46.218842 30.943
 15   170.125 52726.78450087  8.22 236.577284  46.215592 30.943
 15     5.192 52726.78450151 19.05 236.576024  46.212342 30.943
 15     6.827 52726.78450216 19.69 236.574764  46.209092 30.943
 15     6.022 52726.78450280 19.27 236.573504  46.205842 30.943
 15     8.006 52726.78450345 20.92 236.572254  46.202592 30.943
 15     9.020 52726.78450409 20.66 236.570994  46.199342 30.943
 15     8.769 52726.78450474 22.36 236.569734  46.196092 30.943
 15     9.605 52726.78450538 22.87 236.568474  46.192842 30.943
 20     9.663 52901.78461177 17.86 236.575715  46.226516 21.353
 20     5.013 52901.78461241 19.10 236.574455  46.223266 21.353
 20     3.381 52901.78461306 26.04 236.573200  46.220013 11.865
 20     8.266 52901.78461370 17.85 236.571940  46.216763 11.865
 20     3.328 52901.78461435 20.10 236.570680  46.213513 11.865
 20     2.616 52901.78461499 21.33 236.569420  46.210263 11.865
 20     2.762 52901.78461563 19.48 236.568160  46.207013 11.865
 20     3.306 52901.78461628 17.25 236.566900  46.203763 11.865
 20     2.229 52901.78461692 20.81 236.565640  46.200513 11.865
 20     2.648 52901.78461757 29.93 236.564380  46.197263 11.865
 21     5.162 52936.78454978 17.51 236.575300  46.238391 16.914
 21     5.363 52936.78455043 18.15 236.574040  46.235141 16.914
 21     5.837 52936.78455107 16.53 236.572780  46.231891 16.914
 21     4.776 52936.78455172 17.85 236.571520  46.228641 16.914
 21     4.624 52936.78455236 17.71 236.570260  46.225391 16.914
 21     3.778 52936.78455301 18.89 236.569003  46.222137 13.310
 21     3.641 52936.78455365 20.27 236.567743  46.218887 13.310
 21     8.296 52936.78455430 18.25 236.566493  46.215637 13.310
 21     2.686 52936.78455494 30.22 236.565233  46.212387 13.310
 21     7.594 52936.78455559 27.98 236.563973  46.209137 13.310
 21     2.841 52936.78455623 24.07 236.562713  46.205887 13.310
 21     3.212 52936.78455687 21.49 236.561453  46.202637 13.310
 22     4.736 52971.78457964 23.50 236.579289  46.223519 17.875
 22     2.820 52971.78458028 23.50 236.578029  46.220269 17.875
 22     2.722 52971.78458093 24.02 236.576769  46.217019 17.875
 22     2.667 52971.78458157 24.19 236.575509  46.213769 17.875
 22     2.163 52971.78458222 24.22 236.574249  46.210519 17.875
 22     3.007 52971.78458286 23.95 236.572989  46.207269 17.875
 22     2.661 52971.78458350 25.61 236.571739  46.204019 17.875
 22     3.117 52971.78458415 29.05 236.570479  46.200769 17.875
 22     5.865 52971.78458479 30.12 236.569219  46.197529 17.875
 22     2.472 52971.78458544 28.35 236.567959  46.194279 17.875
 22     1.852 52971.78458608 38.78 236.566699  46.191029 17.875
 23     9.954 53006.78459016 22.72 236.575024  46.232932 20.611
 23     5.410 53006.78459081 22.22 236.573764  46.229682 20.611
 23    11.263 53006.78459468 24.40 236.566203  46.210181 12.837
 23     3.555 53006.78459532 28.04 236.564943  46.206931 12.837
 23    10.945 53006.78459596 21.67 236.563683  46.203681 12.837
 23     3.877 53006.78459661 24.14 236.562433  46.200431 12.837
 24     6.723 53041.78454496 22.35 236.581714  46.223816 14.637
 24     5.879 53041.78454560 20.31 236.580459  46.220567 16.763
 24     5.059 53041.78454624 20.47 236.579199  46.217317 16.763
 24     6.219 53041.78454689 20.99 236.577939  46.214067 16.763
 24     7.236 53041.78454753 21.35 236.576679  46.210817 16.763
 24     8.980 53041.78454818 21.61 236.575419  46.207567 16.763
 24     4.586 53041.78454882 23.77 236.574159  46.204317 16.763
 24     6.032 53041.78454947 24.47 236.572899  46.201067 16.763
 24     7.003 53041.78455011 24.73 236.571639  46.197817 16.763
 24     5.281 53041.78455076 31.55 236.570379  46.194577 16.763
 24     9.453 53041.78455140 36.70 236.569119  46.191327 16.763
 24     3.656 53041.78455205 39.28 236.567859  46.188077 16.763
 25     4.678 53076.78457602 19.39 236.575978  46.235174 17.217
 25     4.700 53076.78457667 19.39 236.574718  46.231924 17.217
 25     4.783 53076.78457731 19.27 236.573458  46.228674 17.217
 25     4.513 53076.78457796 19.89 236.572198  46.225424 17.217
 25     4.817 53076.78457860 19.31 236.570942  46.222173 12.140
 25     4.538 53076.78457925 22.97 236.569682  46.218923 12.140
 25     4.195 53076.78457989 26.00 236.568422  46.215673 12.140
 25     6.378 53076.78458054 26.02 236.567162  46.212423 12.140
 25     4.935 53076.78458118 20.74 236.565902  46.209173 12.140
 25     3.483 53076.78458182 21.01 236.564642  46.205923 12.140
 25     2.969 53076.78458247 18.73 236.563382  46.202673 12.140
 25     3.468 53076.78458311 30.93 236.562132  46.199423 12.140
 26     5.469 53111.78454810 21.59 236.578265  46.224145 18.569
 26     4.243 53111.78454875 21.62 236.577005  46.220895 18.569
 26     4.438 53111.78454939 20.88 236.575745  46.217645 18.569
 26     4.920 53111.78455003 20.34 236.574485  46.214395 18.569
 26     4.276 53111.78455068 21.60 236.573225  46.211145 18.569
 26     3.350 53111.78455132 23.60 236.571965  46.207895 18.569
 26     8.427 53111.78455197 21.28 236.570705  46.204645 18.569
 26     2.725 53111.78455261 21.66 236.569445  46.201395 18.569
 26     2.049 53111.78455326 22.12 236.568188  46.198144  5.951
 26     3.954 53111.78455390 21.00 236.566928  46.194894  5.951
 27     2.885 53146.78459063 22.60 236.577789  46.227861 21.275
 27     3.322 53146.78459128 21.38 236.576529  46.224611 21.275
 27     4.285 53146.78459192 23.20 236.575264  46.221359  9.108
 27     6.159 53146.78459256 23.76 236.574004  46.218109  9.108
 27     2.467 53146.78459321 24.74 236.572744  46.214859  9.108
 27     7.414 53146.78459385 20.95 236.571484  46.211609  9.108
 27     2.171 53146.78459450 20.33 236.570224  46.208359  9.108
 27     2.141 53146.78459514 18.39 236.568964  46.205109  9.108
 27     1.807 53146.78459579 19.57 236.567714  46.201859  9.108
 27     1.624 53146.78459643 19.17 236.566454  46.198609  9.108
 27     2.195 53146.78459708 17.53 236.565194  46.195359  9.108
 28     1.653 53181.78459664 25.92 236.582396  46.222420 19.281
 28     0.943 53181.78459729 24.37 236.581136  46.219168 11.081
 28     1.082 53181.78459793 24.29 236.579876  46.215918 11.081
 28     1.214 53181.78459858 25.55 236.578616  46.212668 11.081
 28     1.571 53181.78459922 25.88 236.577356  46.209418 11.081
 28     1.371 53181.78459986 26.64 236.576096  46.206168 11.081
 28     1.267 53181.78460051 25.74 236.574836  46.202918 11.081
 28     0.972 53181.78460115 24.00 236.573576  46.199668 11.081
 28     1.006 53181.78460180 22.57 236.572326  46.196418 11.081
 28     0.428 53181.78460244 20.66 236.571066  46.193168 11.081
 29     1.533 53216.78461962 20.43 236.576861  46.225095 20.139
 29     1.750 53216.78462027 18.99 236.575600  46.221843 10.039
 29     1.639 53216.78462091 19.79 236.574340  46.218593 10.039
 29     1.407 53216.78462156 20.00 236.573080  46.215343 10.039
 29     1.734 53216.78462220 20.72 236.571820  46.212093 10.039
 29     5.875 53216.78462285 19.20 236.570560  46.208843 10.039
 29     6.608 53216.78462349 17.87 236.569300  46.205593 10.039
 29     1.278 53216.78462414 20.70 236.568040  46.202343 10.039
 29     1.803 53216.78462478 20.34 236.566790  46.199093 10.039
 29     1.919 53216.78462543 18.94 236.565530  46.195843 10.039
 30     2.955 53251.78459574 21.65 236.573677  46.237368 24.339
 30     2.356 53251.78459639 18.71 236.572417  46.234118 24.339
 30     2.240 53251.78459703 18.07 236.571157  46.230868 24.339
 30     2.045 53251.78459767 19.20 236.569897  46.227628 24.339
 30     2.464 53251.78459832 24.88 236.568637  46.224378 24.339
 30     2.282 53251.78459896 26.31 236.567377  46.221128 24.339
 30     2.083 53251.78459961 29.50 236.566117  46.217878 24.339
 30     1.691 53251.78460025 34.75 236.564857  46.214628 24.339
 30     1.594 53251.78460090 36.62 236.563607  46.211378 24.339
 30     4.623 53251.78460154 30.68 236.562347  46.208128 24.339
 30     1.919 53251.78460219 23.27 236.561087  46.204878 24.339
 30     1.602 53251.78460283 22.12 236.559827  46.201628 24.339
 31     8.753 53286.78459314 28.20 236.578598  46.226312 19.485
 31     8.117 53286.78459378 28.28 236.577343  46.223063 12.892
 31     7.749 53286.78459443 28.96 236.576083  46.219813 12.892
 31     4.221 53286.78459507 28.27 236.574823  46.216563 12.892
 31     3.940 53286.78459572 29.66 236.573563  46.213313 12.892
 31     3.725 53286.78459636 29.38 236.572303  46.210063 12.892
 31     3.735 53286.78459701 33.54 236.571043  46.206813 12.892
 31     4.399 53286.78459765 30.67 236.569783  46.203563 12.892
 31     3.409 53286.78459829 31.32 236.568523  46.200313 12.892
 31     5.950 53286.78459894 30.08 236.567263  46.197063 12.892
 31     2.336 53286.78459958 28.33 236.566003  46.193823 12.892
 33     4.949 53356.78453747 21.85 236.579689  46.225042 21.968
 33     2.764 53356.78454069 20.06 236.573399  46.208789 10.806
 33     1.970 53356.78454133 22.37 236.572139  46.205539 10.806
 33     1.802 53356.78454198 20.08 236.570879  46.202289 10.806
 33     1.555 53356.78454262 20.65 236.569619  46.199039 10.806
 33     2.153 53356.78454327 19.09 236.568369  46.195789 10.806
 33     1.593 53356.78454391 18.11 236.567109  46.192539 10.806
 34     5.822 53391.78455152 22.76 236.582002  46.222326  9.233
 34     5.427 53391.78455217 21.22 236.580742  46.219076  9.233
 34     4.724 53391.78455475 20.75 236.575702  46.206076  9.233
 34     3.959 53391.78455539 21.59 236.574442  46.202826  9.233
 34     2.420 53391.78455604 22.49 236.573182  46.199576  9.233
 34     2.308 53391.78455668 20.69 236.571922  46.196326  9.233
 34     1.908 53391.78455733 21.01 236.570662  46.193086  9.233
 34     1.496 53391.78455797 22.00 236.569402  46.189836  9.233
 34     3.019 53391.78455862 18.25 236.568142  46.186586  9.233
 35     1.499 53426.78454688 29.67 236.580157  46.225442 20.225
 35     1.715 53426.78454752 30.26 236.578902  46.222190 18.778
 35     2.354 53426.78454817 28.92 236.577642  46.218940 18.778
 35     1.166 53426.78454881 28.07 236.576382  46.215690 18.778
 35     0.902 53426.78454946 27.97 236.575122  46.212440 18.778
 35     0.867 53426.78455010 27.87 236.573862  46.209190 18.778
 35     0.718 53426.78455075 29.72 236.572602  46.205940 18.778
 35     1.351 53426.78455139 30.71 236.571342  46.202690 18.778
 35     1.848 53426.78455203 31.43 236.570092  46.199440 18.778
 35     1.779 53426.78455268 35.43 236.568832  46.196190 18.778
 35     1.866 53426.78455332 38.74 236.567572  46.192940 18.778
 37     5.081 53496.78463507 19.87 236.575857  46.234348 18.295
 37     4.450 53496.78463571 17.98 236.574597  46.231098 18.295
 37     3.822 53496.78463636 18.25 236.573337  46.227848 18.295
 37     5.207 53496.78463700 18.15 236.572077  46.224598 18.295
 37     3.530 53496.78463765 19.01 236.570813  46.221345 14.269
 37     4.072 53496.78463829 18.93 236.569553  46.218095 14.269
 37     3.672 53496.78463894 20.72 236.568293  46.214845 14.269
 37     2.874 53496.78463958 22.88 236.567033  46.211595 14.269
 37     3.040 53496.78464023 26.76 236.565773  46.208345 14.269
 37     6.311 53496.78464087 21.71 236.564513  46.205095 14.269
 37     2.416 53496.78464152 20.59 236.563253  46.201845 14.269
 37     2.594 53496.78464216 30.34 236.562003  46.198595 14.269
 38     9.192 53531.78461613 23.80 236.580646  46.223204 22.231
 38     4.090 53531.78461677 22.56 236.579389  46.219951 17.236
 38     1.248 53531.78461806 27.82 236.576869  46.213451 17.236
 38     2.557 53531.78461871 23.50 236.575609  46.210201 17.236
 38     2.216 53531.78461935 22.52 236.574349  46.206951 17.236
 38     1.562 53531.78462000 25.58 236.573089  46.203701 17.236
 38     2.359 53531.78462064 26.12 236.571829  46.200451 17.236
 38     1.733 53531.78462129 31.68 236.570579  46.197211 17.236
 38     6.495 53531.78462193 34.40 236.569319  46.193961 17.236
 38     0.807 53531.78462258 33.17 236.568059  46.190711 17.236
 39     4.115 53566.78463708 17.95 236.575234  46.238608 18.117
 39     4.863 53566.78463772 16.24 236.573974  46.235358 18.117
 39     4.769 53566.78463836 16.62 236.572714  46.232108 18.117
 39     4.516 53566.78463901 16.09 236.571454  46.228858 18.117
 39     3.868 53566.78463965 16.16 236.570194  46.225608 18.117
 39     3.236 53566.78464030 16.60 236.568937  46.222357 12.020
 39     3.516 53566.78464094 18.47 236.567677  46.219107 12.020
 39     3.568 53566.78464159 18.15 236.566417  46.215857 12.020
 39     2.452 53566.78464223 23.36 236.565157  46.212607 12.020
 39     2.634 53566.78464288 24.24 236.563897  46.209357 12.020
 39     6.628 53566.78464352 23.42 236.562637  46.206107 12.020
 39     3.552 53566.78464417 20.36 236.561377  46.202857 12.020
 40     2.323 53601.78458318 22.30 236.576824  46.227862 16.729
 40     1.564 53601.78458383 22.77 236.575564  46.224612 16.729
 40     1.485 53601.78458447 25.84 236.574313  46.221358 13.059
 40     1.779 53601.78458512 26.82 236.573053  46.218108 13.059
 40     5.050 53601.78458576 25.98 236.571793  46.214858 13.059
 40     0.715 53601.78458641 25.66 236.570533  46.211608 13.059
 40     1.540 53601.78458705 23.22 236.569273  46.208358 13.059
 40     1.401 53601.78458769 23.28 236.568013  46.205108 13.059
 40     1.398 53601.78458834 23.87 236.566753  46.201858 13.059
 40     1.483 53601.78458898 22.91 236.565493  46.198608 13.059
 41     1.486 53636.78458117 44.29 236.579687  46.224503 16.298
 41     1.816 53636.78458181 44.24 236.578435  46.221253 20.956
 41     1.235 53636.78458246 44.96 236.577175  46.218003 20.956
 41     1.850 53636.78458310 41.77 236.575905  46.214753 20.956
 41     1.763 53636.78458375 39.74 236.574645  46.211503 20.956
 41     2.445 53636.78458439 37.72 236.573385  46.208253 20.956
 41     1.583 53636.78458504 35.71 236.572135  46.205003 20.956
 41     1.329 53636.78458568 31.53 236.570875  46.201753 20.956
 41     0.638 53636.78458633 28.45 236.569615  46.198503 20.956
 41     0.670 53636.78458697 27.58 236.568355  46.195253 20.956
 41    -0.004 53636.78458762 27.94 236.567095  46.192003 20.956
 42     3.808 53671.78460134 21.76 236.575908  46.229709 20.012
 42     2.663 53671.78460198 21.18 236.574648  46.226459 20.012
 42     2.667 53671.78460262 19.57 236.573384  46.223209 11.618
 42     2.714 53671.78460327 19.06 236.572124  46.219959 11.618
 42     3.063 53671.78460391 18.35 236.570864  46.216709 11.618
 42     2.982 53671.78460456 19.32 236.569604  46.213459 11.618
 42     2.791 53671.78460520 18.90 236.568344  46.210209 11.618
 42     2.708 53671.78460585 20.95 236.567084  46.206959 11.618
 42     3.097 53671.78460649 20.10 236.565824  46.203709 11.618
 42     3.302 53671.78460714 20.77 236.564574  46.200459 11.618
 42     3.441 53671.78460778 24.45 236.563314  46.197209 11.618
 43     4.278 53706.78453422 37.06 236.580650  46.224361 26.641
 43     3.794 53706.78453486 36.19 236.579390  46.221111 26.641
 43     4.059 53706.78453551 40.46 236.578130  46.217861 26.641
 43     3.498 53706.78453615 39.01 236.576880  46.214611 26.641
 43     3.264 53706.78453680 38.38 236.575620  46.211361 26.641
 43     3.087 53706.78453744 40.25 236.574360  46.208111 26.641
 43     3.065 53706.78453809 34.84 236.573100  46.204861 26.641
 43     2.659 53706.78453873 40.05 236.571840  46.201621 26.641
 43     3.314 53706.78453938 38.59 236.570580  46.198371 26.641
 43     3.138 53706.78454002 35.48 236.569320  46.195121 26.641
 43     3.160 53706.78454067 33.28 236.568070  46.191871 26.641
 44     8.203 53741.78444538 23.45 236.575576  46.232081 19.478
 44     4.460 53741.78444602 23.41 236.574316  46.228831 19.478
 44     5.462 53741.78444667 22.55 236.573056  46.225581 19.478
 44     4.858 53741.78444731 23.62 236.571796  46.222327 10.983
 44     4.885 53741.78444796 25.16 236.570536  46.219077 10.983
 44     5.172 53741.78444860 25.24 236.569276  46.215827 10.983
 44     5.428 53741.78444925 25.60 236.568016  46.212577 10.983
 44     4.676 53741.78444989 27.72 236.566766  46.209327 10.983
 44     4.285 53741.78445053 27.72 236.565506  46.206077 10.983
 44     2.901 53741.78445118 27.50 236.564246  46.202827 10.983
 44     4.966 53741.78445182 27.37 236.562986  46.199577 10.983
 45    10.630 53776.78447109 20.85 236.584208  46.221663 15.453
 45     4.583 53776.78447173 17.88 236.582948  46.218413 15.453
 45     4.168 53776.78447367 30.02 236.579168  46.208663 15.453
 46     0.197 53811.78444778 29.35 236.576308  46.231710 18.766
 46     4.159 53811.78444843 24.60 236.575058  46.228460 18.766
 46     3.356 53811.78444907 24.93 236.573798  46.225210 18.766
 46     2.851 53811.78444972 27.05 236.572538  46.221960 18.766
 46     2.882 53811.78445036 27.20 236.571276  46.218705 10.991
 46     2.322 53811.78445101 27.39 236.570016  46.215455 10.991
 46     2.016 53811.78445165 29.45 236.568756  46.212205 10.991
 46     3.161 53811.78445230 27.69 236.567496  46.208955 10.991
 46     1.136 53811.78445294 29.06 236.566246  46.205705 10.991
 46     1.820 53811.78445358 28.47 236.564986  46.202455 10.991
 46     1.916 53811.78445423 28.66 236.563726  46.199215 10.991
 47     2.964 53846.78449919 23.19 236.580268  46.225744 23.299
 47     4.150 53846.78449984 18.69 236.579008  46.222494 23.299
 47     4.164 53846.78450048 17.31 236.577749  46.219244 11.337
 47     3.355 53846.78450113 18.08 236.576489  46.215994 11.337
 47     3.417 53846.78450177 18.61 236.575229  46.212744 11.337
 47     3.167 53846.78450242 18.86 236.573969  46.209494 11.337
 47     2.891 53846.78450306 18.79 236.572709  46.206244 11.337
 47     2.709 53846.78450371 20.52 236.571449  46.202994 11.337
 47     2.029 53846.78450435 19.15 236.570199  46.199744 11.337
 47     2.303 53846.78450499 20.23 236.568939  46.196494 11.337
 47     1.482 53846.78450564 19.29 236.567679  46.193244 11.337
 49     3.682 53916.78457981 24.27 236.575899  46.237822 18.218
 49     2.934 53916.78458046 25.31 236.574639  46.234572 18.218
 49     1.740 53916.78458110 21.50 236.573379  46.231322 18.218
 49     2.520 53916.78458175 20.16 236.572119  46.228072 18.218
 49     1.740 53916.78458239 22.79 236.570859  46.224822 18.218
 49     2.110 53916.78458304 26.68 236.569599  46.221572 18.218
 49     1.723 53916.78458368 29.15 236.568340  46.218319 13.903
 49     1.475 53916.78458433 31.40 236.567080  46.215069 13.903
 49     6.008 53916.78458497 26.41 236.565820  46.211819 13.903
 49     1.646 53916.78458562 26.47 236.564560  46.208569 13.903
 49     1.942 53916.78458626 21.68 236.563300  46.205319 13.903
 49     1.770 53916.78458691 19.89 236.562040  46.202069 13.903
 50     3.118 53951.78458575 15.11 236.573295  46.238130 19.545
 50     3.103 53951.78458639 15.83 236.572035  46.234880 19.545
 50     3.495 53951.78458704 15.68 236.570775  46.231630 19.545
 50     2.109 53951.78458768 16.32 236.569515  46.228380 19.545
 50     2.526 53951.78458833 16.32 236.568255  46.225130 19.545
 50     3.194 53951.78458897 18.49 236.566995  46.221880 19.545
 50     2.089 53951.78458962 20.25 236.565739  46.218627 16.841
 50     2.904 53951.78459026 20.50 236.564479  46.215377 16.841
 50     2.177 53951.78459091 38.42 236.563219  46.212127 16.841
 50     7.120 53951.78459155 34.56 236.561959  46.208877 16.841
 50     1.701 53951.78459220 25.19 236.560699  46.205627 16.841
 50     1.848 53951.78459284 23.50 236.559439  46.202377 16.841
 52     1.949 54021.78456624 20.53 236.582358  46.220777 15.773
 52     1.810 54021.78456689 18.81 236.581100  46.217526 12.827
 52     1.667 54021.78456753 20.06 236.579840  46.214276 12.827
 52     1.749 54021.78456818 20.76 236.578580  46.211026 12.827
 52     2.122 54021.78456882 20.84 236.577320  46.207776 12.827
 52     2.060 54021.78456947 21.01 236.576070  46.204526 12.827
 53     8.046 54056.78455871 23.53 236.585187  46.218787 15.875
 53     4.726 54056.78455935 21.62 236.583927  46.215537 15.875
 54     5.487 54091.78454081 22.62 236.576238  46.229574 20.047
 54     5.835 54091.78454146 19.25 236.574978  46.226324 20.047
 54     3.736 54091.78454210 18.32 236.573718  46.223074 20.047
 54     2.326 54091.78454275 18.50 236.572459  46.219821  9.375
 54     2.892 54091.78454339 17.68 236.571199  46.216571  9.375
 54     3.092 54091.78454404 18.60 236.569949  46.213321  9.375
 54     3.329 54091.78454468 18.77 236.568689  46.210071  9.375
 54     2.746 54091.78454533 18.89 236.567429  46.206821  9.375
 54     2.714 54091.78454597 19.24 236.566169  46.203571  9.375
 54     4.337 54091.78454662 21.52 236.564909  46.200321  9.375
 54     4.567 54091.78454726 22.96 236.563649  46.197071  9.375
 55     8.054 54126.78447517 18.91 236.583839  46.217962 15.683
 55     8.681 54126.78447581 18.10 236.582579  46.214712 15.683
 56     8.932 54161.78450938 22.89 236.577690  46.227986 23.227
 56     3.487 54161.78451002 19.25 236.576430  46.224736 23.227
 56     3.826 54161.78451067 17.76 236.575170  46.221486 23.227
 56     3.142 54161.78451131 18.69 236.573910  46.218236 23.227
 56     3.650 54161.78451195 18.62 236.572650  46.214986 23.227
 56     3.529 54161.78451260 21.40 236.571390  46.211736 23.227
 56     2.932 54161.78451324 20.28 236.570131  46.208485  7.253
 56     2.377 54161.78451389 18.81 236.568871  46.205235  7.253
 56     2.761 54161.78451453 18.16 236.567621  46.201985  7.253
 56     3.718 54161.78451518 19.23 236.566361  46.198735  7.253
 56     3.880 54161.78451582 18.62 236.565101  46.195485  7.253
 57     3.984 54196.78447656 24.98 236.582951  46.222881 18.716
 57     3.426 54196.78447720 23.33 236.581691  46.219631 18.716
 57     2.454 54196.78447785 24.93 236.580431  46.216381 18.716
 57     2.151 54196.78447849 28.31 236.579171  46.213131 18.716
 57     2.624 54196.78447914 28.85 236.577908  46.209880  9.700
 57     1.587 54196.78447978 28.76 236.576648  46.206630  9.700
 57     1.005 54196.78448043 28.03 236.575388  46.203380  9.700
 57     1.088 54196.78448107 25.26 236.574128  46.200130  9.700
 58     3.625 54231.78452312 19.04 236.579686  46.222100 21.867
 58     3.324 54231.78452376 18.35 236.578426  46.218850 21.867
 58     3.221 54231.78452441 18.69 236.577166  46.215600 21.867
 58     2.695 54231.78452505 19.30 236.575906  46.212350 21.867
 58     2.307 54231.78452570 19.60 236.574646  46.209100 21.867
 58     1.966 54231.78452634 20.62 236.573393  46.205846  7.725
 58     1.555 54231.78452699 19.12 236.572133  46.202596  7.725
 58     1.563 54231.78452763 20.03 236.570873  46.199346  7.725
 58     1.949 54231.78452828 19.09 236.569613  46.196096  7.725
 58     1.597 54231.78452892 18.66 236.568353  46.192846  7.725
 59     0.609 54266.78454059 32.52 236.579906  46.224260 19.269
 59     0.574 54266.78454124 32.85 236.578646  46.221010 19.269
 59     0.460 54266.78454188 32.93 236.577386  46.217760 19.269
 59     0.830 54266.78454253 33.23 236.576126  46.214510 19.269
 59     0.608 54266.78454317 33.14 236.574866  46.211260 19.269
 59     0.235 54266.78454381 32.46 236.573606  46.208010 19.269
 59     0.722 54266.78454446 32.57 236.572347  46.204757  9.872
 59    -0.278 54266.78454510 37.81 236.571087  46.201507  9.872
 59    -0.187 54266.78454575 40.13 236.569837  46.198257  9.872
 59    -0.241 54266.78454639 40.42 236.568577  46.195007  9.872
 59    -0.212 54266.78454704 42.32 236.567317  46.191757  9.872
 60     2.703 54301.78454545 24.54 236.579464  46.223546 19.202
 60     2.325 54301.78454609 25.89 236.578204  46.220296 19.202
 60     2.654 54301.78454673 26.28 236.576944  46.217046 19.202
 60     2.283 54301.78454738 27.71 236.575684  46.213796 19.202
 60     2.140 54301.78454802 28.53 236.574424  46.210546 19.202
 60     1.920 54301.78454867 28.15 236.573174  46.207294 12.691
 60     1.754 54301.78454931 30.18 236.571914  46.204044 12.691
 60     1.689 54301.78454996 29.17 236.570654  46.200794 12.691
 60     1.326 54301.78455060 30.06 236.569394  46.197544 12.691
 60     1.535 54301.78455125 29.66 236.568134  46.194294 12.691
 60     2.156 54301.78455189 29.09 236.566874  46.191044 12.691
 61     4.758 54336.78453203 18.37 236.577681  46.226798 16.286
 61     2.244 54336.78453268 17.66 236.576421  46.223548 16.286
 61     2.045 54336.78453332 16.84 236.575161  46.220298 16.286
 61     2.287 54336.78453396 16.68 236.573901  46.217048 16.286
 61     1.724 54336.78453461 18.00 236.572641  46.213798 16.286
 61     2.388 54336.78453525 18.29 236.571391  46.210548 16.286
 61     2.049 54336.78453590 16.72 236.570126  46.207294  7.617
 61     1.900 54336.78453654 17.59 236.568866  46.204044  7.617
 61     1.854 54336.78453719 20.77 236.567606  46.200794  7.617
 61     2.189 54336.78453783 22.27 236.566356  46.197544  7.617
 61     2.082 54336.78453848 17.09 236.565096  46.194294  7.617
 62     1.154 54371.78447833 24.38 236.582230  46.221249 18.145
 62     1.801 54371.78447898 23.77 236.580970  46.217999 18.145
 62     1.497 54371.78447962 21.86 236.579710  46.214749 18.145
 62     1.754 54371.78448027 21.49 236.578450  46.211499 18.145
 62     1.897 54371.78448091 23.34 236.577190  46.208249 18.145
 62     1.747 54371.78448156 23.19 236.575930  46.204999 18.145
 62     0.999 54371.78448220 22.86 236.574670  46.201759 18.145
 62     1.058 54371.78448285 22.21 236.573410  46.198509 18.145
 63     2.207 54406.78447745 22.16 236.576901  46.225224 17.649
 63     1.528 54406.78447809 23.81 236.575641  46.221974 17.649
 63     1.851 54406.78447874 23.71 236.574381  46.218724 17.649
 63     1.607 54406.78447938 25.26 236.573121  46.215474 17.649
 63     1.891 54406.78448003 25.49 236.571861  46.212224 17.649
 63     1.414 54406.78448067 25.11 236.570601  46.208974 17.649
 63     1.855 54406.78448131 23.52 236.569345  46.205721  7.598
 63     1.210 54406.78448196 24.29 236.568085  46.202471  7.598
 63     0.952 54406.78448260 24.73 236.566825  46.199221  7.598
 63     0.712 54406.78448325 23.68 236.565575  46.195971  7.598
 65     4.141 54476.78446566 25.09 236.580408  46.224515 22.744
 65     3.370 54476.78446630 23.47 236.579148  46.221265 22.744
 65     3.422 54476.78446695 23.08 236.577888  46.218015 22.744
 65     2.825 54476.78446759 23.96 236.576628  46.214765 22.744
 65     2.128 54476.78446823 25.53 236.575368  46.211515 22.744
 65     2.368 54476.78446888 26.02 236.574108  46.208265 22.744
 65     1.970 54476.78446952 26.69 236.572858  46.205013  8.212
 65     2.608 54476.78447017 25.81 236.571598  46.201763  8.212
 65     1.485 54476.78447081 26.05 236.570338  46.198513  8.212
 65     1.572 54476.78447146 24.86 236.569078  46.195263  8.212
 65     2.300 54476.78447210 24.00 236.567818  46.192013  8.212
 66     0.832 54511.78445353 29.55 236.583610  46.218971 21.449
 66     5.095 54511.78445418 21.13 236.582350  46.215722 11.104
 67     7.199 54546.78447964 19.67 236.577215  46.225004 19.649
 67     7.422 54546.78448029 19.57 236.575955  46.221754 19.649
 67     7.313 54546.78448093 18.15 236.574695  46.218504 19.649
 67     7.926 54546.78448158 18.34 236.573443  46.215251  6.839
 67     9.118 54546.78448222 18.06 236.572183  46.212001  6.839
 67     4.408 54546.78448287 20.53 236.570923  46.208751  6.839
 67     4.836 54546.78448351 20.35 236.569663  46.205501  6.839
 67     3.885 54546.78448416 19.70 236.568403  46.202251  6.839
 67     6.729 54546.78448480 19.50 236.567143  46.199001  6.839
 67     2.832 54546.78448545 20.94 236.565883  46.195751  6.839
 68     7.189 54581.78444802 28.09 236.581120  46.223627 20.402
 68     8.928 54581.78444866 27.72 236.579860  46.220377 20.402
 68     6.864 54581.78444931 28.74 236.578600  46.217127 20.402
 68     7.339 54581.78444995 31.48 236.577340  46.213877 20.402
 68     7.644 54581.78445060 28.74 236.576084  46.210624 10.490
 68     3.406 54581.78445124 29.96 236.574824  46.207374 10.490
 68     4.163 54581.78445189 30.10 236.573564  46.204124 10.490
 68     4.454 54581.78445253 28.49 236.572304  46.200874 10.490
 68     3.627 54581.78445317 26.76 236.571044  46.197624 10.490
 68     2.920 54581.78445382 25.65 236.569784  46.194374 10.490
 68     2.956 54581.78445446 24.60 236.568524  46.191124 10.490
 69     2.163 54616.78446943 22.17 236.579819  46.223629 16.771
 69     2.299 54616.78447008 19.76 236.578559  46.220379 16.771
 69     2.115 54616.78447072 19.52 236.577299  46.217129 16.771
 69     2.657 54616.78447137 19.45 236.576039  46.213889 16.771
 69     2.303 54616.78447201 19.63 236.574779  46.210639 16.771
 69     3.446 54616.78447266 19.60 236.573519  46.207389 16.771
 69     1.909 54616.78447330 20.81 236.572259  46.204139 16.771
 69     2.441 54616.78447395 21.30 236.570999  46.200889 16.771
 69     2.109 54616.78447459 20.86 236.569749  46.197639 16.771
 69     1.774 54616.78447524 19.44 236.568489  46.194389 16.771
 69     1.849 54616.78447588 19.25 236.567229  46.191139 16.771
 70     2.970 54651.78448179 20.34 236.578122  46.225740 17.565
 70     1.275 54651.78448244 21.96 236.576862  46.222490 17.565
 70     1.607 54651.78448308 21.91 236.575602  46.219240 17.565
 70     1.902 54651.78448373 24.84 236.574344  46.215989  9.149
 70     4.128 54651.78448437 23.81 236.573084  46.212739  9.149
 70     1.223 54651.78448502 21.46 236.571824  46.209489  9.149
 70     1.760 54651.78448566 19.68 236.570564  46.206239  9.149
 70     1.702 54651.78448631 20.87 236.569304  46.202989  9.149
 70     1.694 54651.78448695 20.55 236.568044  46.199739  9.149
 70     1.805 54651.78448760 20.60 236.566784  46.196489  9.149
 71     1.656 54686.78447315 23.84 236.576383  46.226289 14.678
 71     1.952 54686.78447380 21.83 236.575123  46.223039 14.678
 71     1.829 54686.78447444 21.13 236.573863  46.219789 14.678
 71     1.825 54686.78447509 22.51 236.572603  46.216539 14.678
 71     1.643 54686.78447573 22.03 236.571344  46.213285 12.072
 71     1.851 54686.78447638 23.40 236.570094  46.210035 12.072
 71     1.866 54686.78447702 23.02 236.568834  46.206785 12.072
 71     1.469 54686.78447767 23.27 236.567574  46.203535 12.072
 71     1.428 54686.78447831 24.44 236.566314  46.200285 12.072
 71     1.425 54686.78447896 26.50 236.565054  46.197035 12.072
 72     2.161 54721.78442866 19.08 236.584217  46.218979 16.027
 72     2.006 54721.78442930 21.40 236.582957  46.215729 16.027
 72     3.289 54721.78442995 18.92 236.581698  46.212479 14.243
 73     1.775 54756.78444854 35.69 236.578307  46.226118 20.636
 73     1.588 54756.78444918 40.47 236.577047  46.222868 20.636
 73     1.452 54756.78444983 40.25 236.575787  46.219618 20.636
 73     1.934 54756.78445047 35.15 236.574531  46.216368 17.369
 73     1.448 54756.78445112 36.21 236.573271  46.213118 17.369
 73     1.748 54756.78445176 37.29 236.572011  46.209868 17.369
 73     2.057 54756.78445241 40.75 236.570751  46.206618 17.369
 73     1.813 54756.78445305 44.06 236.569491  46.203368 17.369
 73     1.818 54756.78445370 42.18 236.568231  46.200118 17.369
 73     1.941 54756.78445434 42.09 236.566971  46.196868 17.369
 73     1.760 54756.78445498 40.20 236.565721  46.193618 17.369
 74     3.982 54791.78442168 23.64 236.583528  46.223025 13.377
 74     3.102 54791.78442233 21.77 236.582268  46.219775 13.377
 74     3.318 54791.78442297 20.59 236.581016  46.216526 13.311
 74     3.815 54791.78442361 20.84 236.579756  46.213276 13.311
 74     3.583 54791.78442426 25.09 236.578486  46.210026 13.311
 74     3.308 54791.78442490 23.87 236.577236  46.206776 13.311
 75     4.495 54826.78444597 39.72 236.580248  46.223350 18.004
 75     3.698 54826.78444661 41.63 236.578988  46.220100 18.004
 75     3.079 54826.78444726 39.33 236.577728  46.216850 18.004
 75     2.920 54826.78444790 39.02 236.576468  46.213600 18.004
 75     3.303 54826.78444854 36.81 236.575211  46.210348  9.633
 75     2.835 54826.78444919 36.97 236.573951  46.207098  9.633
 75     3.360 54826.78444983 31.27 236.572691  46.203848  9.633
 75     2.087 54826.78445048 23.79 236.571431  46.200598  9.633
 75     1.895 54826.78445112 23.05 236.570171  46.197348  9.633
 75     1.480 54826.78445177 22.35 236.568911  46.194098  9.633
 75     1.089 54826.78445241 21.93 236.567651  46.190848  9.633
 76     3.537 54861.78441598 24.92 236.582878  46.219643 22.566
 76     3.014 54861.78441663 24.42 236.581618  46.216393 22.566
 76     3.177 54861.78441727 26.57 236.580352  46.213144 20.643
 76     1.083 54861.78441792 25.79 236.579092  46.209894 20.643
 76     2.839 54861.78441856 27.94 236.577832  46.206644 20.643
 77     3.769 54896.78444623 23.29 236.576308  46.226599 19.271
 77     3.226 54896.78444688 22.52 236.575048  46.223349 19.271
 77     3.386 54896.78444752 21.62 236.573788  46.220099 19.271
 77     2.740 54896.78444816 21.88 236.572535  46.216848  9.659
 77     2.665 54896.78444881 21.84 236.571275  46.213598  9.659
 77     3.646 54896.78444945 21.76 236.570015  46.210348  9.659
 77     2.529 54896.78445010 22.90 236.568755  46.207098  9.659
 77     2.905 54896.78445074 22.64 236.567495  46.203848  9.659
 77     3.490 54896.78445139 22.04 236.566235  46.200598  9.659
 77     4.307 54896.78445203 20.82 236.564975  46.197348  9.659
 78     3.642 54931.78441194 23.29 236.580728  46.221938 18.669
 78     3.705 54931.78441258 22.77 236.579468  46.218688 18.669
 78     3.798 54931.78441323 23.71 236.578208  46.215438 18.669
 78     2.575 54931.78441387 24.16 236.576945  46.212186  7.923
 78     2.283 54931.78441452 26.25 236.575685  46.208936  7.923
 78     1.384 54931.78441516 25.22 236.574425  46.205686  7.923
 78     0.946 54931.78441581 25.30 236.573165  46.202436  7.923
 78     1.341 54931.78441645 24.10 236.571905  46.199186  7.923
 78     4.145 54931.78441710 22.09 236.570645  46.195936  7.923
 78     1.260 54931.78441774 22.90 236.569395  46.192686  7.923
 78     1.136 54931.78441839 21.67 236.568135  46.189436  7.923
 79     3.691 54966.78444675 24.09 236.578865  46.224675 18.593
 79     3.271 54966.78444739 24.95 236.577605  46.221425 18.593
 79     3.770 54966.78444804 26.32 236.576345  46.218175 18.593
 79     3.376 54966.78444868 27.24 236.575085  46.214925 18.593
 79     3.260 54966.78444932 28.40 236.573830  46.211672 14.137
 79     3.314 54966.78444997 28.73 236.572570  46.208422 14.137
 79     2.817 54966.78445061 29.80 236.571310  46.205172 14.137
 79     2.566 54966.78445126 31.99 236.570050  46.201922 14.137
 79     2.020 54966.78445190 33.03 236.568790  46.198672 14.137
 79     2.067 54966.78445255 32.07 236.567530  46.195422 14.137
 79     1.576 54966.78445319 34.52 236.566270  46.192172 14.137
 80     8.988 55001.78446641 18.60 236.577494  46.228120 22.404
 80     4.054 55001.78446705 17.47 236.576234  46.224870 22.404
 80     5.053 55001.78446769 16.18 236.574974  46.221620 22.404
 80     3.757 55001.78446834 17.28 236.573714  46.218370 22.404
 80     4.630 55001.78446898 16.74 236.572457  46.215119  9.504
 80     7.516 55001.78446963 16.27 236.571197  46.211869  9.504
 80     2.936 55001.78447027 18.71 236.569937  46.208619  9.504
 80     3.069 55001.78447092 18.44 236.568677  46.205369  9.504
 80     3.331 55001.78447156 17.90 236.567417  46.202119  9.504
 80     3.445 55001.78447221 22.50 236.566157  46.198869  9.504
 80     6.324 55001.78447285 23.74 236.564897  46.195619  9.504
 81     1.146 55036.78445303 29.49 236.580336  46.224378 21.441
 81     0.709 55036.78445367 30.36 236.579076  46.221128 21.441
 81     0.859 55036.78445432 29.59 236.577816  46.217878 21.441
 81     1.376 55036.78445496 28.61 236.576559  46.214625 10.119
 81     1.086 55036.78445561 26.99 236.575299  46.211375 10.119
 81     0.745 55036.78445625 25.47 236.574039  46.208125 10.119
 81     0.541 55036.78445690 23.62 236.572779  46.204875 10.119
 81     0.346 55036.78445754 21.38 236.571519  46.201625 10.119
 81     0.544 55036.78445819 21.95 236.570259  46.198375 10.119
 81     0.802 55036.78445883 20.42 236.568999  46.195125 10.119
 81     0.984 55036.78445948 18.92 236.567739  46.191875 10.119
 82     1.995 55071.78444022 21.46 236.576076  46.227014 14.922
 82     1.227 55071.78444086 22.21 236.574816  46.223764 14.922
 82     1.255 55071.78444151 22.64 236.573556  46.220514 14.922
 82     1.526 55071.78444215 23.33 236.572296  46.217264 14.922
 82     1.515 55071.78444280 23.74 236.571036  46.214014 14.922
 82     1.598 55071.78444344 23.45 236.569780  46.210760  7.209
 82     1.837 55071.78444409 23.47 236.568520  46.207510  7.209
 82     1.944 55071.78444473 25.39 236.567260  46.204260  7.209
 82     1.660 55071.78444538 24.36 236.566010  46.201010  7.209
 82     2.091 55071.78444602 22.93 236.564750  46.197760  7.209
 83     2.716 55106.78438602 17.91 236.581847  46.220535 14.710
 83     1.870 55106.78438667 18.59 236.580587  46.217285 14.710
 83     1.891 55106.78438731 19.89 236.579321  46.214036  9.345
 83     2.439 55106.78438796 19.74 236.578061  46.210786  9.345
 83     2.270 55106.78438860 20.09 236.576801  46.207536  9.345
 83     1.583 55106.78438924 19.98 236.575541  46.204286  9.345
 83     1.456 55106.78438989 19.51 236.574281  46.201036  9.345
 83     0.932 55106.78439053 21.93 236.573031  46.197786  9.345
 83     2.224 55106.78439118 19.23 236.571771  46.194536  9.345
 84     6.730 55141.78439085 18.39 236.577288  46.226624 16.367
 84     7.051 55141.78439150 16.07 236.576028  46.223374 16.367
 84     6.973 55141.78439214 16.47 236.574768  46.220124 16.367
 84     7.238 55141.78439279 16.49 236.573514  46.216873 13.502
 84     8.363 55141.78439343 17.25 236.572254  46.213623 13.502
 84     8.360 55141.78439408 17.96 236.570994  46.210373 13.502
 84     5.055 55141.78439472 20.89 236.569734  46.207123 13.502
 84     7.405 55141.78439537 23.36 236.568474  46.203873 13.502
 84     5.424 55141.78439601 34.05 236.567214  46.200623 13.502
 84     8.648 55141.78439666 38.42 236.565954  46.197373 13.502
 85     9.500 55176.78435601 28.57 236.584650  46.218840 22.434
 85     4.407 55176.78435665 21.94 236.583398  46.215590 13.913
 86     5.401 55211.78438569 19.20 236.578805  46.224680 20.671
 86     6.059 55211.78438634 18.94 236.577545  46.221430 20.671
 86     7.251 55211.78438698 19.48 236.576285  46.218180 20.671
 86     5.435 55211.78438763 19.49 236.575029  46.214929  9.558
 86     5.922 55211.78438827 19.83 236.573769  46.211679  9.558
 86     4.961 55211.78438892 20.66 236.572509  46.208429  9.558
 86     5.035 55211.78438956 21.71 236.571249  46.205179  9.558
 86     5.117 55211.78439021 21.64 236.569989  46.201929  9.558
 86     5.844 55211.78439085 20.58 236.568729  46.198679  9.558
 86     5.870 55211.78439149 21.03 236.567469  46.195429  9.558
 86     5.555 55211.78439214 22.04 236.566219  46.192179  9.558
 87     4.348 55246.78435896 22.16 236.582062  46.222979 18.043
 87     3.170 55246.78435960 20.15 236.580802  46.219729 18.043
 87     2.911 55246.78436089 20.49 236.578276  46.213230 10.371
 87     2.659 55246.78436154 20.56 236.577016  46.209980 10.371
 87     1.515 55246.78436218 24.29 236.575756  46.206730 10.371
 87     2.185 55246.78436283 23.45 236.574496  46.203480 10.371
 87     1.581 55246.78436347 23.16 236.573236  46.200230 10.371
 87     1.067 55246.78436412 23.16 236.571986  46.196980 10.371
 87     1.663 55246.78436476 20.18 236.570726  46.193730 10.371
 87     1.516 55246.78436540 18.89 236.569466  46.190480 10.371
 87     2.942 55246.78436605 19.12 236.568206  46.187230 10.371
 88     8.503 55281.78437868 22.07 236.577039  46.228169 22.219
 88     4.820 55281.78437932 19.47 236.575779  46.224919 22.219
 88     4.434 55281.78438061 19.47 236.573259  46.218419 22.219
 88     4.233 55281.78438126 19.07 236.572007  46.215165  8.895
 88     4.258 55281.78438190 19.74 236.570747  46.211915  8.895
 88     4.320 55281.78438255 19.55 236.569487  46.208665  8.895
 88     3.476 55281.78438319 19.88 236.568227  46.205415  8.895
 88     3.250 55281.78438384 20.51 236.566967  46.202165  8.895
 88     4.442 55281.78438448 20.80 236.565707  46.198915  8.895
 88     3.448 55281.78438513 21.35 236.564447  46.195665  8.895
 89     3.249 55316.78434693 24.45 236.577943  46.225046 23.447
 89     3.227 55316.78434758 24.48 236.576683  46.221796 23.447
 89     3.099 55316.78434822 24.37 236.575423  46.218546 23.447
 89     2.900 55316.78434887 25.82 236.574163  46.215296 23.447
 89     1.841 55316.78434951 25.23 236.572908  46.212042  9.862
 89     1.591 55316.78435016 21.69 236.571648  46.208792  9.862
 89     1.283 55316.78435080 20.71 236.570388  46.205542  9.862
 89     1.691 55316.78435145 19.89 236.569128  46.202292  9.862
 89     2.230 55316.78435209 20.42 236.567868  46.199042  9.862
 89     2.529 55316.78435273 19.36 236.566608  46.195792  9.862
 90     3.762 55351.78435090 20.05 236.577872  46.227421 22.008
 90     3.435 55351.78435154 18.31 236.576612  46.224171 22.008
 90     3.356 55351.78435218 18.84 236.575352  46.220921 22.008
 90     3.041 55351.78435283 19.02 236.574092  46.217671 22.008
 90     2.550 55351.78435347 18.61 236.572841  46.214419 10.337
 90     2.499 55351.78435412 20.00 236.571581  46.211169 10.337
 90     2.728 55351.78435476 20.17 236.570321  46.207919 10.337
 90     2.563 55351.78435541 19.85 236.569061  46.204669 10.337
 90     2.437 55351.78435605 20.35 236.567801  46.201419 10.337
 90     2.977 55351.78435670 19.12 236.566541  46.198169 10.337
 90     2.919 55351.78435734 19.85 236.565281  46.194919 10.337
 91     2.104 55386.78434739 19.17 236.581087  46.221414 17.130
 91     1.827 55386.78434803 16.79 236.579827  46.218164 17.130
 91     1.448 55386.78434867 17.35 236.578570  46.214914 10.145
 91     1.868 55386.78434932 17.10 236.577310  46.211664 10.145
 91     2.221 55386.78434996 18.04 236.576050  46.208414 10.145
 91     1.702 55386.78435061 18.52 236.574790  46.205164 10.145
 91     1.723 55386.78435125 19.66 236.573530  46.201914 10.145
 91     1.445 55386.78435190 21.40 236.572270  46.198664 10.145
 91     1.957 55386.78435254 19.14 236.571020  46.195414 10.145
 91     1.552 55386.78435319 16.79 236.569760  46.192164 10.145
 91     1.031 55386.78435383 17.59 236.568500  46.188914 10.145
 92     1.578 55421.78436913 26.42 236.579970  46.225386 18.109
 92     1.656 55421.78436978 27.56 236.578710  46.222136 18.109
 92     0.898 55421.78437042 27.88 236.577450  46.218886 18.109
 92     1.129 55421.78437107 27.35 236.576190  46.215636 18.109
 92     1.453 55421.78437171 29.21 236.574935  46.212383 12.901
 92     0.662 55421.78437236 24.33 236.573675  46.209133 12.901
 92     0.605 55421.78437300 24.41 236.572415  46.205883 12.901
 92     0.939 55421.78437365 22.19 236.571155  46.202633 12.901
 92     0.808 55421.78437429 22.69 236.569895  46.199383 12.901
 92     1.285 55421.78437493 23.11 236.568635  46.196133 12.901
 92     1.222 55421.78437558 22.53 236.567375  46.192883 12.901
 93     4.093 55456.78434363 17.39 236.575893  46.226260 17.995
 93     3.553 55456.78434428 15.47 236.574633  46.223010 17.995
 93     3.456 55456.78434492 16.33 236.573373  46.219760 17.995
 93     2.742 55456.78434557 17.87 236.572113  46.216510 17.995
 93     3.366 55456.78434621 16.69 236.570857  46.213257  9.004
 93     2.979 55456.78434686 18.21 236.569597  46.210007  9.004
 93     3.405 55456.78434750 16.78 236.568347  46.206757  9.004
 93     2.857 55456.78434815 16.95 236.567087  46.203507  9.004
 93     2.939 55456.78434879 18.69 236.565827  46.200257  9.004
 93     2.870 55456.78434944 24.18 236.564567  46.197007  9.004
