#    0.430 -35.233  63.923 ;Mean Elev.(m), Avg Gradient(m/km), RMS Gradient(m/km) - SRTM1     
#    0.000   0.000   0.000 ;Mean Elev.(m), Avg Gradient(m/km), RMS Gradient(m/km) - ASTER GDEM
#    2.059 -35.601  67.541 ;Mean Elev.(m), Avg Gradient(m/km), RMS Gradient(m/km) - GMTED2010 
  7 236.566962  46.219308   -30.979   -30.522 12 52446.78452948 21.291
  8 236.569402  46.215752     2.295     2.574 11 52481.78452053 25.009
  9 236.571647  46.212238     1.745     1.692 10 52516.78447473 20.786
 10 236.570930  46.205407     4.414     3.511  8 52551.78452450 20.261
 11 236.575037  46.204892     2.641     2.648 11 52586.78449956 24.922
 12 236.569090  46.216702     5.927     5.417 11 52621.78446894 21.642
 13 236.579222  46.212707     5.270     5.583  7 52656.78447318 20.876
 15 236.574138  46.207467    55.114    63.547 10 52726.78450248 19.493
 20 236.570049  46.211888     4.321     3.621 10 52901.78461467 23.201
 21 236.568376  46.220514     4.818     4.287 12 52936.78455333 23.380
 22 236.572994  46.207273     3.098     2.646 11 52971.78458286 30.343
 23 236.565575  46.208556     7.501     5.396  6 53006.78459500 24.452
 24 236.574788  46.205945     6.342     6.102 12 53041.78454850 31.301
 25 236.569051  46.217298     4.455     4.267 12 53076.78457957 23.973
 26 236.572596  46.209520     4.385     3.705 10 53111.78455100 21.653
 27 236.571486  46.211609     3.315     2.498 11 53146.78459385 21.614
 28 236.576728  46.207793     1.151     1.151 10 53181.78459954 24.862
 29 236.571191  46.210468     2.555     1.740 10 53216.78462252 19.783
 30 236.566751  46.219500     2.321     2.111 12 53251.78459929 29.668
 31 236.572302  46.210063     5.121     5.542 11 53286.78459636 30.025
 33 236.570883  46.202289     2.398     1.958  7 53356.78454198 20.530
 34 236.573182  46.199582     3.454     2.807  9 53391.78455604 21.358
 35 236.573864  46.209190     1.460     1.654 11 53426.78455010 32.402
 37 236.568924  46.216471     3.922     3.614 12 53496.78463862 23.325
 38 236.573723  46.205330     3.226     2.448 10 53531.78461967 29.294
 39 236.568306  46.220732     3.976     3.718 12 53566.78464062 20.087
 40 236.571161  46.213233     1.874     1.647 10 53601.78458608 24.548
 41 236.573392  46.208253     1.346     1.244 11 53636.78458439 40.455
 42 236.569605  46.213459     3.021     2.982 11 53671.78460456 20.754
 43 236.574358  46.208115     3.392     3.465 11 53706.78453744 38.150
 44 236.569280  46.215828     5.027     4.990 11 53741.78444860 25.785
 45 236.582108  46.216246     6.461     4.583  3 53776.78447216 25.976
 46 236.570019  46.215457     2.347     2.508 11 53811.78445101 27.880
 47 236.573971  46.209494     2.966     3.167 11 53846.78450242 19.634
 49 236.568970  46.219945     2.441     2.015 12 53916.78458336 26.053
 50 236.566367  46.220253     2.949     2.483 12 53951.78458929 29.560
 52 236.579212  46.212651     1.893     1.904  6 54021.78456785 20.394
 53 236.584557  46.217162     6.386     6.386  2 54056.78455903 22.679
 54 236.569944  46.213322     3.733     3.225 11 54091.78454404 20.051
 55 236.583209  46.216337     8.367     8.367  2 54126.78447549 18.524
 56 236.571393  46.211736     3.840     3.422 11 54161.78451260 19.705
 57 236.578539  46.211505     2.290     2.276  8 54196.78447882 26.999
 58 236.574020  46.207473     2.380     2.297 10 54231.78452602 19.300
 59 236.573609  46.208009     0.284     0.224 11 54266.78454381 37.208
 60 236.573170  46.207295     2.044     2.000 11 54301.78454867 28.435
 61 236.571386  46.210546     2.320     2.171 11 54336.78453525 18.596
 62 236.577820  46.209877     1.488     1.491  8 54371.78448059 22.985
 63 236.571233  46.210598     1.523     1.491 10 54406.78448035 24.278
 65 236.574113  46.208264     2.563     2.471 11 54476.78446888 25.103
 66 236.582980  46.217346     2.964     2.964  2 54511.78445386 27.124
 67 236.571550  46.210377     6.167     5.612 10 54546.78448255 19.585
 68 236.574822  46.207375     5.408     5.245 11 54581.78445124 28.611
 69 236.573521  46.207385     2.279     2.099 11 54616.78447266 20.266
 70 236.572453  46.211114     2.007     1.810 10 54651.78448470 21.901
 71 236.570718  46.211662     1.694     1.685 10 54686.78447605 23.460
 72 236.582957  46.215729     2.485     2.161  3 54721.78442930 19.955
 73 236.572011  46.209868     1.758     1.748 11 54756.78445176 40.333
 74 236.580382  46.214901     3.518     3.645  6 54791.78442329 22.952
 75 236.573950  46.207099     2.749     2.819 11 54826.78444919 36.776
 76 236.580353  46.213144     2.730     3.176  5 54861.78441727 26.112
 77 236.570642  46.211973     3.266     3.358 10 54896.78444913 22.184
 78 236.574425  46.205687     2.383     2.317 11 54931.78441516 23.983
 79 236.572569  46.208423     2.884     2.940 11 54966.78444997 30.361
 80 236.571196  46.211869     4.828     4.361 11 55001.78446963 19.285
 81 236.574038  46.208126     0.831     0.745 11 55036.78445625 26.726
 82 236.570410  46.212387     1.665     1.605 10 55071.78444312 23.425
 83 236.576803  46.207536     1.931     1.860  9 55106.78438860 19.785
 84 236.571622  46.211998     7.125     7.258 10 55141.78439376 30.062
 85 236.584024  46.217215     6.954     6.954  2 55176.78435633 26.414
 86 236.572509  46.208429     5.677     5.478 11 55211.78438892 20.544
 87 236.574503  46.203480     2.323     2.229 11 55246.78436283 21.789
 88 236.570115  46.210291     4.518     4.134 10 55281.78438223 20.292
 89 236.572277  46.210419     2.364     2.676 10 55316.78434983 23.237
 90 236.571577  46.211170     2.933     2.865 11 55351.78435412 19.521
 91 236.574792  46.205164     1.716     1.763 11 55386.78435061 18.554
 92 236.573674  46.209134     1.112     1.123 11 55421.78437236 25.902
 93 236.570229  46.211633     3.226     3.246 10 55456.78434654 18.693
