#    2.188 -51.836  51.432 ;Mean Elev.(m), Avg Gradient(m/km), RMS Gradient(m/km) - SRTM1     
#    0.000   0.000   0.000 ;Mean Elev.(m), Avg Gradient(m/km), RMS Gradient(m/km) - ASTER GDEM
#    3.490  -5.310  91.749 ;Mean Elev.(m), Avg Gradient(m/km), RMS Gradient(m/km) - GMTED2010 
  8 237.190613  45.951370     2.496     1.480  5 52497.78255351 18.896
 10 237.194270  45.943249     2.942     3.025  4 52567.78256723 20.207
 11 237.185277  45.954936     4.622     4.907  5 52602.78256429 14.546
 12 237.192040  45.946902     2.844     2.701  7 52637.78253723 25.195
 13 237.188759  45.952879    10.663    10.059  5 52672.78253735 19.880
 14 237.192218  45.943181    10.646    10.236  6 52707.78254453 15.557
 17 237.192617  45.947616     2.149     1.389  6 52812.78259484 22.059
 18 237.193117  45.944771     0.363     0.276  5 52847.78264948 20.894
 19 237.188953  45.953135     8.382     8.693  5 52882.78268437 10.963
 20 237.189540  45.952804     0.631     0.623  5 52917.78264127 19.748
 22 237.196751  45.941489     3.207     3.360  3 52987.78261750 18.667
 23 237.191896  45.946924     4.055     3.364  7 53022.78260460 23.894
 25 237.180644  45.956724     8.595     8.710  5 53092.78263422 17.086
 26 237.195977  45.942228     2.548     2.569  3 53127.78260732 18.535
 29 237.193599  45.942662     0.408     0.249  4 53232.78264836 23.054
 30 237.183937  45.955782     0.990     1.000  5 53267.78261453 25.713
 32 237.189565  45.952894     1.152     0.918  5 53337.78264074 48.775
 33 237.187566  45.953914    11.169    10.556  3 53372.78257499 12.069
 35 237.186071  45.955378     3.563     3.478  4 53442.78259834 12.628
 39 237.189432  45.952074     5.059     4.703  5 53582.78266849 14.766
 40 237.183453  45.957019     2.864     2.653  4 53617.78262347 29.957
 41 237.191997  45.946176     5.245     5.551  7 53652.78264506 16.715
 43 237.187841  45.952811     2.046     0.954  5 53722.78257052 18.181
 45 237.191909  45.947619     1.397     1.182  6 53792.78252980 46.477
 48 237.191450  45.945842     2.800     2.781  5 53897.78260564 23.684
 49 237.182612  45.955868     2.531     2.397  5 53932.78265143 16.864
 50 237.184815  45.956138     1.263     1.380  5 53967.78262496 15.693
 55 237.191719  45.944304     1.492     1.527  6 54142.78256054 33.738
 56 237.187438  45.955261     3.256     3.264  5 54177.78255496 24.693
 57 237.191856  45.949186     4.223     3.692  6 54212.78256693 38.462
 61 237.188514  45.954019     4.115     4.095  4 54352.78256750 20.442
 62 237.191867  45.947033     4.019     2.098  7 54387.78254319 25.759
 64 237.193805  45.941877    10.889    10.657  4 54457.78251815 15.844
 65 237.189476  45.951324     1.739     1.666  5 54492.78252100 28.380
 66 237.193426  45.944539     2.641     2.525  5 54527.78253044 19.578
 68 237.190870  45.949312     2.679     1.942  5 54597.78252502 26.848
 69 237.190193  45.950870     6.977     6.741  5 54632.78253819 17.652
 70 237.189619  45.951793     4.226     4.047  6 54667.78254345 15.769
 71 237.188453  45.951319     1.378     1.013  5 54702.78250955 18.741
 72 237.192333  45.943220     0.362     0.204  5 54737.78250615 22.550
 73 237.190353  45.952577     5.150     4.671  5 54772.78249065 14.219
 74 237.192253  45.944208     1.319     1.243  5 54807.78249954 24.180
 77 237.186540  45.955675     2.422     2.097  5 54912.78249160 20.791
 78 237.190176  45.946956    44.335     5.623  4 54947.78249359 31.721
 79 237.189879  45.950928     5.031     5.219  6 54982.78251857 24.356
 80 237.190569  45.948788     2.059     1.285  6 55017.78251774 21.374
 81 237.190862  45.950144     2.191     1.624  6 55052.78251265 18.749
 82 237.186537  45.954274     3.520     3.387  4 55087.78247490 13.432
 85 237.192335  45.943203     2.720     2.616  5 55192.78243939 17.195
 86 237.187944  45.954145     2.853     2.626  5 55227.78243716 27.303
 87 237.189454  45.942657     4.643     4.195  3 55262.78243520 17.641
 89 237.189079  45.951603    12.170     4.733  5 55332.78241230 17.833
 91 237.193869  45.947569     0.970     0.988  4 55402.78242000 19.539
 92 237.190509  45.949896     4.032     4.236  6 55437.78242243 16.760
 93 237.187378  45.954114     4.037     3.696  5 55472.78237099 15.863
